Данные задачи предоставлены для упрощения их ввода, так как считывание информации из файлов навроде Exel не предусмотрено. Копировать и вставлять только числа.

Ширина пролёта (м): 18
Количество пролётов: 3
Длина здания (м): 72

Количество подразделений: 15

Вводите подразделения в формате: Название, Площадь
1, 216 
2, 216
3, 324
4, 216
5, 432 
6, 216
7, 432
8, 432
9, 216
10, 108
11, 324
12, 216
13, 108
14, 108
15, 324

Вводите значения построчно (0 или '-' = нет потока)
6 7 14 2.5 3.5 0 0 0 0.4 0 0 0 0 0
1 0 5.5 0 0 0 0 0 0 0 2 0.5 0.2 0
0 0 0 6 0 0 0 0 0 0 0.3 1 0.3 0
0 0 0 0 0 13.5 6 0 0 0 0 0 0 0
0 0 0 0 0 3.8 5.7 0 0 0 3 0.5 1 0
0 0 0 0 0 2 1.5 0 0 0 1.2 0 0 0
0 0 0 0 0 0 19.3 0 0 0 1 0 0 0
0 0 0 0 0 0 0 26.5 0 0 0.5 0 0 0
0 0 0 0 0 0 0 0 26.5 0 0 0 0 0
0 0 0 0 0 0 0 0 0 26.9 0 0 0 0
0 0 0 0 0 0 0 0 0 0 0 0 0 0
0 1.5 1.7 0 3 1.2 1 0.5 0 0 0 0 0 0
0 0 0 0 0 0 0 0 0 0 0 0 0 0
0 0.2 0.3 0 1 0 0 0 0 0 0 0 0 0
0 0 0 0 0 0 0 0 0 0 0 0 0 0

Полученный результат: 4236 т*м/год
